1573227375714
1573227375714
1573227375725
1573227375728
1573227375730
1573227375730
1573227375732
0
1573227375732
1573227375735
1573227375757
1573227375767
1573227376374
1573227376374
1573227376374
1573227376473
1573227376473
1573227376474
1573227376531
1573227376531
1573227376533
1573227376533
1573227376533
1573227376533
1573227376533
0
1573227376537
1573227376540
1573227376547
1573227376570
1573227376769
1573227376769
1573227376769
1573227376787
1573227376787
1573227376789
1573227376851
1573227376851
1573227376853
1573227376853
1573227376853
1573227376853
1573227376853
0
1573227376854
1573227376856
1573227376861
1573227376887
1573227377129
1573227377129
1573227377129
1573227377134
1573227377134
1573227377140
1573227377182
1573227377182
1573227377183
1573227377183
1573227377183
1573227377183
1573227377183
0
1573227377186
1573227377187
1573227377196
1573227377221
1573227377476
1573227377476
1573227377476
1573227377485
1573227377485
1573227377488
1573227377540
1573227377540
1573227377543
1573227377543
1573227377543
1573227377543
1573227377543
0
1573227377545
1573227377547
1573227377552
1573227377577
1573227377789
1573227377789
1573227377790
1573227377811
1573227377811
1573227377813
1573227377935
1573227377935
1573227377937
1573227377937
1573227377937
1573227377937
1573227377937
0
1573227377940
1573227377942
1573227377948
1573227377981
1573227378219
1573227378219
1573227378219
1573227378236
1573227378236
1573227378238
1573227378316
1573227378316
1573227378318
1573227378318
1573227378318
1573227378318
1573227378318
0
1573227378323
1573227378325
1573227378333
1573227378371
1573227378614
1573227378617
1573227378617
1573227378623
1573227378623
1573227378625
1573227378687
1573227378687
1573227378691
1573227378691
1573227378691
1573227378691
1573227378691
0
1573227378693
1573227378695
1573227378701
1573227378732
1573227378995
1573227378995
1573227378995
1573227379004
1573227379004
1573227379007
1573227379061
1573227379061
1573227379063
1573227379063
1573227379063
1573227379063
1573227379063
0
1573227379065
1573227379066
1573227379071
1573227379098
1573227379352
1573227379352
1573227379352
1573227379357
1573227379357
1573227379358
1573227379422
1573227379422
1573227379424
1573227379424
1573227379424
1573227379424
1573227379424
0
1573227379426
1573227379427
1573227379432
1573227379458
1573227379719
1573227379719
1573227379719
1573227379724
1573227379724
1573227379727
1573227379782
1573227379782
1573227379784
1573227379784
1573227379784
1573227379784
1573227379784
0
1573227379786
1573227379787
1573227379793
1573227379823
1573227380067
1573227380067
1573227380067
1573227380072
1573227380072
1573227380074
