1572824916585
1572824916585
1572824916595
1572824916600
1572824916603
1572824916603
1572824916605
0
1572824916606
1572824916608
1572824916627
1572824916639
1572824917299
1572824917299
1572824917299
1572824917309
1572824917309
1572824917310
1572824917377
1572824917377
1572824917378
1572824917378
1572824917378
1572824917378
1572824917378
0
1572824917380
1572824917381
1572824917385
1572824917411
1572824917622
1572824917623
1572824917623
1572824917627
1572824917627
1572824917629
1572824917685
1572824917685
1572824917686
1572824917686
1572824917686
1572824917686
1572824917686
0
1572824917688
1572824917690
1572824917697
1572824917722
1572824917983
1572824917983
1572824917983
1572824917988
1572824917988
1572824917990
1572824918037
1572824918037
1572824918040
1572824918040
1572824918040
1572824918040
1572824918040
0
1572824918042
1572824918044
1572824918049
1572824918074
1572824918301
1572824918301
1572824918301
1572824918306
1572824918306
1572824918308
1572824918355
1572824918355
1572824918357
1572824918357
1572824918357
1572824918357
1572824918357
0
1572824918359
1572824918361
1572824918366
1572824918391
1572824918630
1572824918630
1572824918630
1572824918635
1572824918635
1572824918637
1572824918702
1572824918702
1572824918704
1572824918704
1572824918704
1572824918704
1572824918704
0
1572824918706
1572824918707
1572824918712
1572824918738
1572824918970
1572824918970
1572824918970
1572824918975
1572824918975
1572824918977
1572824919035
1572824919035
1572824919038
1572824919038
1572824919038
1572824919038
1572824919038
0
1572824919041
1572824919042
1572824919047
1572824919071
1572824919275
1572824919275
1572824919275
1572824919293
1572824919293
1572824919295
1572824919378
1572824919378
1572824919380
1572824919380
1572824919380
1572824919380
1572824919380
0
1572824919383
1572824919384
1572824919389
1572824919415
1572824919729
1572824919729
1572824919729
1572824919737
1572824919737
1572824919739
1572824919797
1572824919797
1572824919799
1572824919799
1572824919799
1572824919799
1572824919799
0
1572824919801
1572824919802
1572824919808
1572824919838
1572824920089
1572824920089
1572824920089
1572824920096
1572824920096
1572824920098
1572824920178
1572824920178
1572824920180
1572824920180
1572824920180
1572824920180
1572824920180
0
1572824920182
1572824920183
1572824920189
1572824920220
1572824920413
1572824920413
1572824920413
1572824920438
1572824920438
1572824920440
1572824920526
1572824920526
1572824920530
1572824920530
1572824920530
1572824920530
1572824920530
0
1572824920532
1572824920534
1572824920542
1572824920569
1572824920831
1572824920831
1572824920831
1572824920836
1572824920836
1572824920837
