1573227318647
1573227318647
1573227318654
1573227318659
1573227318661
1573227318661
1573227318663
0
1573227318663
1573227318667
1573227318680
1573227318699
1573227319820
1573227319821
1573227319893
1573227319925
1573227319925
1573227319926
1573227319982
1573227319982
1573227319985
1573227319985
1573227319985
1573227319985
1573227319985
0
1573227319987
1573227319989
1573227319994
1573227320026
1573227320394
1573227320395
1573227320469
1573227320475
1573227320475
1573227320477
1573227320570
1573227320570
1573227320572
1573227320572
1573227320572
1573227320572
1573227320572
0
1573227320575
1573227320576
1573227320581
1573227320609
1573227321014
1573227321014
1573227321056
1573227321061
1573227321061
1573227321062
1573227321129
1573227321129
1573227321134
1573227321134
1573227321134
1573227321134
1573227321134
0
1573227321137
1573227321138
1573227321144
1573227321170
1573227321577
1573227321577
1573227321620
1573227321624
1573227321624
1573227321626
1573227321693
1573227321693
1573227321698
1573227321698
1573227321698
1573227321698
1573227321698
0
1573227321701
1573227321702
1573227321708
1573227321733
1573227322086
1573227322086
1573227322173
1573227322179
1573227322179
1573227322181
1573227322271
1573227322271
1573227322273
1573227322273
1573227322273
1573227322273
1573227322273
0
1573227322276
1573227322277
1573227322283
1573227322308
1573227322736
1573227322736
1573227322777
1573227322782
1573227322782
1573227322783
1573227322852
1573227322852
1573227322853
1573227322853
1573227322853
1573227322853
1573227322853
0
1573227322855
1573227322856
1573227322861
1573227322888
1573227323363
1573227323363
1573227323401
1573227323406
1573227323406
1573227323407
1573227323479
1573227323479
1573227323481
1573227323481
1573227323481
1573227323481
1573227323481
0
1573227323484
1573227323485
1573227323490
1573227323516
1573227323896
1573227323897
1573227323979
1573227323987
1573227323987
1573227323988
1573227324059
1573227324059
1573227324062
1573227324062
1573227324062
1573227324062
1573227324062
0
1573227324064
1573227324066
1573227324071
1573227324099
1573227324527
1573227324528
1573227324588
1573227324593
1573227324593
1573227324595
1573227324660
1573227324660
1573227324662
1573227324662
1573227324662
1573227324662
1573227324662
0
1573227324664
1573227324666
1573227324671
1573227324696
1573227325109
1573227325109
1573227325154
1573227325162
1573227325162
1573227325164
1573227325244
1573227325244
1573227325248
1573227325248
1573227325248
1573227325248
1573227325248
0
1573227325251
1573227325252
1573227325257
1573227325283
1573227325705
1573227325705
1573227325746
1573227325752
1573227325752
1573227325753
