1572838010442
1572838010442
1572838010452
1572838010455
1572838010457
1572838010457
1572838010458
0
1572838010459
1572838010462
1572838010475
1572838010496
1572838011523
1572838011523
1572838011651
1572838011687
1572838011687
1572838011688
1572838011750
1572838011750
1572838011753
1572838011753
1572838011753
1572838011753
1572838011753
0
1572838011755
1572838011757
1572838011762
1572838011794
1572838012177
1572838012178
1572838012222
1572838012227
1572838012227
1572838012229
1572838012292
1572838012292
1572838012294
1572838012294
1572838012294
1572838012294
1572838012294
0
1572838012296
1572838012297
1572838012302
1572838012327
1572838012679
1572838012680
1572838012723
1572838012727
1572838012728
1572838012729
1572838012789
1572838012789
1572838012790
1572838012790
1572838012790
1572838012790
1572838012790
0
1572838012792
1572838012794
1572838012798
1572838012824
1572838013178
1572838013179
1572838013223
1572838013227
1572838013227
1572838013229
1572838013287
1572838013287
1572838013288
1572838013288
1572838013288
1572838013288
1572838013288
0
1572838013290
1572838013292
1572838013296
1572838013322
1572838013678
1572838013678
1572838013722
1572838013727
1572838013727
1572838013729
1572838013793
1572838013793
1572838013794
1572838013794
1572838013794
1572838013794
1572838013794
0
1572838013797
1572838013798
1572838013802
1572838013832
1572838014187
1572838014187
1572838014231
1572838014235
1572838014235
1572838014237
1572838014308
1572838014308
1572838014310
1572838014310
1572838014310
1572838014310
1572838014310
0
1572838014312
1572838014313
1572838014320
1572838014347
1572838014819
1572838014819
1572838014864
1572838014869
1572838014869
1572838014870
1572838014942
1572838014942
1572838014944
1572838014944
1572838014944
1572838014944
1572838014944
0
1572838014946
1572838014948
1572838014954
1572838014981
1572838015333
1572838015333
1572838015401
1572838015407
1572838015407
1572838015408
1572838015491
1572838015491
1572838015493
1572838015493
1572838015493
1572838015493
1572838015493
0
1572838015496
1572838015497
1572838015504
1572838015531
1572838015906
1572838015907
1572838015950
1572838015957
1572838015958
1572838015960
1572838016044
1572838016044
1572838016045
1572838016045
1572838016045
1572838016045
1572838016045
0
1572838016047
1572838016049
1572838016053
1572838016079
1572838016427
1572838016427
1572838016472
1572838016477
1572838016477
1572838016478
1572838016544
1572838016544
1572838016545
1572838016545
1572838016545
1572838016545
1572838016545
0
1572838016547
1572838016549
1572838016554
1572838016581
1572838016917
1572838016917
1572838016964
1572838016969
1572838016969
1572838016970
