1572838087121
1572838087121
1572838087130
1572838087135
1572838087138
1572838087138
1572838087140
0
1572838087141
1572838087145
1572838087167
1572838087175
1572838088455
1572838088455
1572838088457
1572838088477
1572838088477
1572838088542
1572838088660
1572838088660
1572838088663
1572838088663
1572838088663
1572838088663
1572838088663
0
1572838088664
1572838088666
1572838088671
1572838088701
1572838089286
1572838089286
1572838089286
1572838089324
1572838089324
1572838089353
1572838089434
1572838089434
1572838089435
1572838089435
1572838089435
1572838089435
1572838089435
0
1572838089438
1572838089438
1572838089444
1572838089476
1572838089993
1572838089993
1572838089994
1572838090047
1572838090047
1572838090079
1572838090147
1572838090147
1572838090149
1572838090149
1572838090149
1572838090149
1572838090149
0
1572838090152
1572838090152
1572838090158
1572838090188
1572838090739
1572838090739
1572838090740
1572838090781
1572838090781
1572838090825
1572838090893
1572838090893
1572838090894
1572838090894
1572838090894
1572838090894
1572838090894
0
1572838090896
1572838090897
1572838090902
1572838090932
1572838091504
1572838091504
1572838091505
1572838091558
1572838091558
1572838091594
1572838091683
1572838091683
1572838091685
1572838091685
1572838091685
1572838091685
1572838091685
0
1572838091688
1572838091689
1572838091694
1572838091725
1572838092258
1572838092258
1572838092259
1572838092295
1572838092295
1572838092323
1572838092395
1572838092395
1572838092397
1572838092397
1572838092397
1572838092397
1572838092397
0
1572838092399
1572838092400
1572838092405
1572838092434
1572838092992
1572838092992
1572838092992
1572838093050
1572838093050
1572838093084
1572838093156
1572838093156
1572838093158
1572838093158
1572838093158
1572838093158
1572838093158
0
1572838093160
1572838093161
1572838093167
1572838093198
1572838093772
1572838093772
1572838093773
1572838093820
1572838093820
1572838093850
1572838093933
1572838093933
1572838093936
1572838093936
1572838093936
1572838093936
1572838093936
0
1572838093938
1572838093939
1572838093945
1572838093974
1572838094591
1572838094592
1572838094593
1572838094663
1572838094663
1572838094709
1572838094829
1572838094829
1572838094831
1572838094831
1572838094831
1572838094831
1572838094831
0
1572838094834
1572838094835
1572838094840
1572838094869
1572838095600
1572838095600
1572838095601
1572838095645
1572838095645
1572838095694
1572838095772
1572838095772
1572838095775
1572838095775
1572838095775
1572838095775
1572838095775
0
1572838095778
1572838095778
1572838095784
1572838095818
1572838096448
1572838096448
1572838096448
1572838096495
1572838096495
1572838096524
