1573227253918
1573227253918
1573227253927
1573227253931
1573227253933
1573227253933
1573227253935
0
1573227253935
1573227253939
1573227253953
1573227253973
1573227255331
1573227255331
1573227255333
1573227255354
1573227255354
1573227255419
1573227255503
1573227255503
1573227255506
1573227255506
1573227255506
1573227255506
1573227255506
0
1573227255507
1573227255508
1573227255513
1573227255545
1573227256148
1573227256148
1573227256148
1573227256187
1573227256187
1573227256216
1573227256287
1573227256287
1573227256289
1573227256289
1573227256289
1573227256289
1573227256289
0
1573227256292
1573227256293
1573227256300
1573227256335
1573227256867
1573227256867
1573227256868
1573227256923
1573227256923
1573227256950
1573227257044
1573227257044
1573227257047
1573227257047
1573227257047
1573227257047
1573227257047
0
1573227257051
1573227257052
1573227257057
1573227257092
1573227257648
1573227257648
1573227257649
1573227257685
1573227257685
1573227257712
1573227257803
1573227257803
1573227257806
1573227257806
1573227257806
1573227257806
1573227257806
0
1573227257808
1573227257809
1573227257814
1573227257842
1573227258420
1573227258420
1573227258421
1573227258479
1573227258479
1573227258508
1573227258575
1573227258575
1573227258576
1573227258576
1573227258576
1573227258576
1573227258576
0
1573227258579
1573227258579
1573227258586
1573227258615
1573227259157
1573227259157
1573227259158
1573227259194
1573227259194
1573227259221
1573227259302
1573227259302
1573227259305
1573227259305
1573227259305
1573227259305
1573227259305
0
1573227259308
1573227259309
1573227259314
1573227259347
1573227259916
1573227259916
1573227259917
1573227259961
1573227259961
1573227259989
1573227260071
1573227260071
1573227260073
1573227260073
1573227260073
1573227260073
1573227260073
0
1573227260075
1573227260076
1573227260082
1573227260113
1573227260669
1573227260669
1573227260669
1573227260707
1573227260707
1573227260746
1573227260849
1573227260849
1573227260861
1573227260861
1573227260861
1573227260861
1573227260861
0
1573227260865
1573227260866
1573227260872
1573227260917
1573227261733
1573227261733
1573227261734
1573227261807
1573227261807
1573227261840
1573227261915
1573227261915
1573227261921
1573227261921
1573227261921
1573227261921
1573227261921
0
1573227261926
1573227261926
1573227261932
1573227261992
1573227262566
1573227262566
1573227262567
1573227262608
1573227262608
1573227262635
1573227262718
1573227262718
1573227262720
1573227262720
1573227262720
1573227262720
1573227262720
0
1573227262722
1573227262723
1573227262729
1573227262759
1573227263384
1573227263384
1573227263385
1573227263420
1573227263420
1573227263448
