1573227160909
1573227160909
1573227160915
1573227160919
1573227160921
1573227160921
1573227160925
0
1573227160927
1573227160930
1573227160938
1573227160962
1573227161364
1573227161364
1573227161401
1573227161411
1573227161411
1573227161413
1573227161501
1573227161501
1573227161504
1573227161504
1573227161504
1573227161504
1573227161504
0
1573227161506
1573227161508
1573227161512
1573227161537
1573227161723
1573227161723
1573227161746
1573227161753
1573227161753
1573227161755
1573227161823
1573227161823
1573227161825
1573227161825
1573227161825
1573227161825
1573227161825
0
1573227161827
1573227161829
1573227161832
1573227161856
1573227162007
1573227162007
1573227162037
1573227162044
1573227162044
1573227162046
1573227162111
1573227162111
1573227162114
1573227162114
1573227162114
1573227162114
1573227162114
0
1573227162116
1573227162117
1573227162121
1573227162146
1573227162288
1573227162288
1573227162313
1573227162321
1573227162321
1573227162323
1573227162390
1573227162390
1573227162392
1573227162392
1573227162392
1573227162392
1573227162392
0
1573227162395
1573227162397
1573227162400
1573227162424
1573227162586
1573227162586
1573227162615
1573227162623
1573227162623
1573227162625
1573227162690
1573227162690
1573227162693
1573227162693
1573227162693
1573227162693
1573227162693
0
1573227162696
1573227162697
1573227162701
1573227162725
1573227162883
1573227162884
1573227162908
1573227162917
1573227162917
1573227162919
1573227163004
1573227163004
1573227163007
1573227163007
1573227163007
1573227163007
1573227163007
0
1573227163009
1573227163010
1573227163014
1573227163041
1573227163210
1573227163210
1573227163234
1573227163241
1573227163241
1573227163243
1573227163320
1573227163320
1573227163325
1573227163325
1573227163325
1573227163325
1573227163325
0
1573227163328
1573227163329
1573227163333
1573227163357
1573227163511
1573227163511
1573227163556
1573227163568
1573227163568
1573227163571
1573227163637
1573227163637
1573227163638
1573227163638
1573227163638
1573227163638
1573227163638
0
1573227163640
1573227163642
1573227163645
1573227163672
1573227163830
1573227163830
1573227163853
1573227163860
1573227163860
1573227163862
1573227163935
1573227163935
1573227163940
1573227163940
1573227163940
1573227163940
1573227163940
0
1573227163943
1573227163944
1573227163948
1573227163988
1573227164051
1573227164051
1573227164125
1573227164132
1573227164132
1573227164134
1573227164218
1573227164218
1573227164221
1573227164221
1573227164221
1573227164221
1573227164221
0
1573227164223
1573227164224
1573227164228
1573227164254
1573227164438
1573227164438
1573227164468
1573227164481
1573227164481
1573227164484
