1572838171111
1572838171111
1572838171120
1572838171127
1572838171130
1572838171130
1572838171133
0
1572838171133
1572838171137
1572838171145
1572838171169
1572838171566
1572838171566
1572838171601
1572838171609
1572838171609
1572838171610
1572838171707
1572838171707
1572838171712
1572838171712
1572838171712
1572838171712
1572838171712
0
1572838171715
1572838171717
1572838171721
1572838171746
1572838171950
1572838171950
1572838171974
1572838171983
1572838171983
1572838171986
1572838172051
1572838172051
1572838172052
1572838172052
1572838172052
1572838172052
1572838172052
0
1572838172054
1572838172056
1572838172059
1572838172083
1572838172242
1572838172242
1572838172273
1572838172281
1572838172281
1572838172283
1572838172353
1572838172353
1572838172355
1572838172355
1572838172355
1572838172355
1572838172355
0
1572838172357
1572838172358
1572838172362
1572838172386
1572838172535
1572838172535
1572838172563
1572838172571
1572838172571
1572838172573
1572838172641
1572838172641
1572838172644
1572838172644
1572838172644
1572838172644
1572838172644
0
1572838172647
1572838172649
1572838172652
1572838172683
1572838172825
1572838172825
1572838172849
1572838172856
1572838172856
1572838172858
1572838172933
1572838172933
1572838172934
1572838172934
1572838172934
1572838172934
1572838172934
0
1572838172936
1572838172938
1572838172941
1572838172966
1572838173120
1572838173120
1572838173143
1572838173150
1572838173150
1572838173152
1572838173220
1572838173220
1572838173222
1572838173222
1572838173222
1572838173222
1572838173222
0
1572838173224
1572838173225
1572838173229
1572838173257
1572838173410
1572838173410
1572838173435
1572838173444
1572838173444
1572838173447
1572838173514
1572838173514
1572838173517
1572838173517
1572838173517
1572838173517
1572838173517
0
1572838173519
1572838173520
1572838173524
1572838173548
1572838173697
1572838173697
1572838173720
1572838173728
1572838173728
1572838173730
1572838173799
1572838173799
1572838173802
1572838173802
1572838173802
1572838173802
1572838173802
0
1572838173804
1572838173805
1572838173809
1572838173834
1572838173994
1572838173994
1572838174016
1572838174023
1572838174023
1572838174025
1572838174095
1572838174095
1572838174098
1572838174098
1572838174098
1572838174098
1572838174098
0
1572838174100
1572838174101
1572838174105
1572838174129
1572838174276
1572838174276
1572838174300
1572838174308
1572838174308
1572838174311
1572838174371
1572838174371
1572838174373
1572838174373
1572838174373
1572838174373
1572838174373
0
1572838174377
1572838174378
1572838174382
1572838174410
1572838174557
1572838174557
1572838174582
1572838174590
1572838174590
1572838174592
