1572838697406
1572838697406
1572838697412
1572838697417
1572838697420
1572838697420
1572838697422
0
1572838697422
1572838697424
1572838697445
1572838697486
1572838698415
1572838698415
1572838698415
1572838698463
1572838698463
1572838698519
1572838698707
1572838698707
1572838698710
1572838698710
1572838698710
1572838698710
1572838698710
0
1572838698712
1572838698713
1572838698720
1572838698755
1572838699113
1572838699113
1572838699113
1572838699119
1572838699119
1572838699152
1572838699331
1572838699331
1572838699333
1572838699333
1572838699333
1572838699333
1572838699333
0
1572838699335
1572838699335
1572838699340
1572838699379
1572838699715
1572838699715
1572838699715
1572838699722
1572838699722
1572838699752
1572838699897
1572838699897
1572838699900
1572838699900
1572838699900
1572838699900
1572838699900
0
1572838699901
1572838699902
1572838699906
1572838699943
1572838700256
1572838700256
1572838700256
1572838700263
1572838700263
1572838700291
1572838700448
1572838700448
1572838700450
1572838700450
1572838700450
1572838700450
1572838700450
0
1572838700452
1572838700453
1572838700457
1572838700496
1572838700815
1572838700815
1572838700815
1572838700820
1572838700820
1572838700846
1572838701013
1572838701013
1572838701015
1572838701015
1572838701015
1572838701015
1572838701015
0
1572838701016
1572838701017
1572838701021
1572838701058
1572838701391
1572838701391
1572838701391
1572838701396
1572838701396
1572838701422
1572838701563
1572838701563
1572838701566
1572838701566
1572838701566
1572838701566
1572838701566
0
1572838701568
1572838701568
1572838701572
1572838701607
1572838702000
1572838702000
1572838702000
1572838702005
1572838702005
1572838702038
1572838702188
1572838702188
1572838702189
1572838702189
1572838702189
1572838702189
1572838702189
0
1572838702191
1572838702192
1572838702196
1572838702237
1572838702542
1572838702542
1572838702543
1572838702548
1572838702548
1572838702579
1572838702765
1572838702765
1572838702770
1572838702770
1572838702770
1572838702770
1572838702770
0
1572838702773
1572838702774
1572838702782
1572838702856
1572838703178
1572838703178
1572838703178
1572838703183
1572838703183
1572838703215
1572838703394
1572838703394
1572838703396
1572838703396
1572838703396
1572838703396
1572838703396
0
1572838703398
1572838703398
1572838703402
1572838703438
1572838703753
1572838703753
1572838703753
1572838703758
1572838703758
1572838703783
1572838703926
1572838703926
1572838703929
1572838703929
1572838703929
1572838703929
1572838703929
0
1572838703931
1572838703931
1572838703935
1572838703977
1572838704319
1572838704319
1572838704319
1572838704325
1572838704325
1572838704351
