1573227097691
1573227097691
1573227097715
1573227097722
1573227097723
1573227097723
1573227097724
0
1573227097729
1573227097733
1573227097747
1573227097776
1573227098730
1573227098731
1573227098731
1573227098792
1573227098792
1573227098848
1573227098998
1573227098998
1573227099000
1573227099000
1573227099000
1573227099000
1573227099000
0
1573227099002
1573227099004
1573227099011
1573227099052
1573227099415
1573227099416
1573227099416
1573227099423
1573227099423
1573227099454
1573227099609
1573227099609
1573227099612
1573227099612
1573227099612
1573227099612
1573227099612
0
1573227099614
1573227099614
1573227099618
1573227099654
1573227099981
1573227099981
1573227099982
1573227099987
1573227099987
1573227100026
1573227100173
1573227100173
1573227100176
1573227100176
1573227100176
1573227100176
1573227100176
0
1573227100179
1573227100180
1573227100185
1573227100223
1573227100529
1573227100530
1573227100530
1573227100535
1573227100535
1573227100563
1573227100692
1573227100692
1573227100694
1573227100694
1573227100694
1573227100694
1573227100694
0
1573227100697
1573227100698
1573227100703
1573227100735
1573227101051
1573227101051
1573227101051
1573227101056
1573227101056
1573227101083
1573227101237
1573227101237
1573227101238
1573227101238
1573227101238
1573227101238
1573227101238
0
1573227101240
1573227101245
1573227101250
1573227101287
1573227101643
1573227101643
1573227101643
1573227101649
1573227101649
1573227101684
1573227101837
1573227101837
1573227101845
1573227101845
1573227101845
1573227101845
1573227101845
0
1573227101847
1573227101849
1573227101857
1573227101911
1573227102252
1573227102252
1573227102252
1573227102258
1573227102258
1573227102287
1573227102466
1573227102466
1573227102468
1573227102468
1573227102468
1573227102468
1573227102468
0
1573227102470
1573227102471
1573227102475
1573227102514
1573227102828
1573227102828
1573227102828
1573227102836
1573227102836
1573227102870
1573227103046
1573227103046
1573227103048
1573227103048
1573227103048
1573227103048
1573227103048
0
1573227103049
1573227103051
1573227103054
1573227103132
1573227103454
1573227103454
1573227103454
1573227103460
1573227103460
1573227103493
1573227103662
1573227103662
1573227103665
1573227103665
1573227103665
1573227103665
1573227103665
0
1573227103667
1573227103668
1573227103672
1573227103712
1573227104005
1573227104006
1573227104006
1573227104010
1573227104010
1573227104048
1573227104213
1573227104213
1573227104215
1573227104215
1573227104215
1573227104215
1573227104215
0
1573227104217
1573227104219
1573227104224
1573227104256
1573227104586
1573227104586
1573227104586
1573227104591
1573227104591
1573227104617
