1572839020260
1572839020260
1572839020273
1572839020276
1572839020278
1572839020278
1572839020280
0
1572839020281
1572839020282
1572839020289
1572839020313
1572839020532
1572839020532
1572839020532
1572839020535
1572839020535
1572839020537
1572839020637
1572839020637
1572839020639
1572839020639
1572839020639
1572839020639
1572839020639
0
1572839020641
1572839020643
1572839020647
1572839020671
1572839020735
1572839020735
1572839020735
1572839020736
1572839020736
1572839020738
1572839020798
1572839020798
1572839020799
1572839020799
1572839020799
1572839020799
1572839020799
0
1572839020802
1572839020804
1572839020806
1572839020826
1572839020899
1572839020899
1572839020899
1572839020901
1572839020901
1572839020903
1572839020965
1572839020965
1572839020966
1572839020966
1572839020966
1572839020966
1572839020966
0
1572839020969
1572839020971
1572839020975
1572839020996
1572839021062
1572839021062
1572839021062
1572839021063
1572839021063
1572839021065
1572839021121
1572839021121
1572839021124
1572839021124
1572839021124
1572839021124
1572839021124
0
1572839021126
1572839021127
1572839021131
1572839021153
1572839021214
1572839021214
1572839021214
1572839021216
1572839021216
1572839021217
1572839021277
1572839021277
1572839021280
1572839021280
1572839021280
1572839021280
1572839021280
0
1572839021282
1572839021283
1572839021287
1572839021310
1572839021383
1572839021383
1572839021383
1572839021384
1572839021385
1572839021386
1572839021495
1572839021495
1572839021498
1572839021498
1572839021498
1572839021498
1572839021498
0
1572839021500
1572839021501
1572839021505
1572839021529
1572839021590
1572839021590
1572839021590
1572839021592
1572839021592
1572839021593
1572839021660
1572839021660
1572839021662
1572839021662
1572839021662
1572839021662
1572839021662
0
1572839021664
1572839021666
1572839021669
1572839021694
1572839021758
1572839021758
1572839021758
1572839021759
1572839021759
1572839021761
1572839021830
1572839021830
1572839021832
1572839021832
1572839021832
1572839021832
1572839021832
0
1572839021834
1572839021835
1572839021838
1572839021858
1572839021923
1572839021923
1572839021923
1572839021924
1572839021924
1572839021933
1572839021986
1572839021986
1572839021988
1572839021988
1572839021988
1572839021988
1572839021988
0
1572839021990
1572839021992
1572839021995
1572839022016
1572839022079
1572839022079
1572839022079
1572839022081
1572839022081
1572839022082
1572839022138
1572839022138
1572839022141
1572839022141
1572839022141
1572839022141
1572839022141
0
1572839022143
1572839022145
1572839022150
1572839022171
1572839022236
1572839022237
1572839022237
1572839022238
1572839022238
1572839022240
