1573226581873
1573226581873
1573226581888
1573226581892
1573226581894
1573226581894
1573226581897
0
1573226581897
1573226581909
1573226581922
1573226581962
1573226582217
1573226582217
1573226582217
1573226582223
1573226582223
1573226582225
1573226582307
1573226582307
1573226582309
1573226582309
1573226582309
1573226582309
1573226582309
0
1573226582312
1573226582313
1573226582317
1573226582344
1573226582410
1573226582410
1573226582410
1573226582412
1573226582412
1573226582414
1573226582492
1573226582492
1573226582495
1573226582495
1573226582495
1573226582495
1573226582495
0
1573226582497
1573226582499
1573226582504
1573226582528
1573226582600
1573226582600
1573226582600
1573226582601
1573226582602
1573226582603
1573226582677
1573226582677
1573226582678
1573226582678
1573226582678
1573226582678
1573226582678
0
1573226582681
1573226582683
1573226582688
1573226582711
1573226582786
1573226582786
1573226582787
1573226582788
1573226582788
1573226582790
1573226582862
1573226582862
1573226582863
1573226582863
1573226582863
1573226582863
1573226582863
0
1573226582866
1573226582867
1573226582870
1573226582894
1573226582955
1573226582955
1573226582955
1573226582957
1573226582957
1573226582958
1573226583024
1573226583024
1573226583027
1573226583027
1573226583027
1573226583027
1573226583027
0
1573226583029
1573226583030
1573226583034
1573226583055
1573226583123
1573226583124
1573226583124
1573226583125
1573226583125
1573226583127
1573226583181
1573226583181
1573226583183
1573226583183
1573226583183
1573226583183
1573226583183
0
1573226583186
1573226583187
1573226583190
1573226583214
1573226583274
1573226583274
1573226583274
1573226583276
1573226583276
1573226583277
1573226583341
1573226583341
1573226583342
1573226583342
1573226583342
1573226583342
1573226583342
0
1573226583345
1573226583347
1573226583350
1573226583372
1573226583428
1573226583428
1573226583428
1573226583429
1573226583429
1573226583431
1573226583494
1573226583494
1573226583495
1573226583495
1573226583495
1573226583495
1573226583495
0
1573226583497
1573226583498
1573226583501
1573226583520
1573226583587
1573226583587
1573226583587
1573226583589
1573226583589
1573226583603
1573226583662
1573226583662
1573226583663
1573226583663
1573226583663
1573226583663
1573226583663
0
1573226583666
1573226583667
1573226583671
1573226583690
1573226583751
1573226583751
1573226583751
1573226583753
1573226583753
1573226583756
1573226583813
1573226583813
1573226583814
1573226583814
1573226583814
1573226583814
1573226583814
0
1573226583816
1573226583817
1573226583820
1573226583840
1573226583901
1573226583902
1573226583902
1573226583903
1573226583903
1573226583905
