1572839074834
1572839074834
1572839074846
1572839074853
1572839074857
1572839074857
1572839074859
0
1572839074860
1572839074864
1572839074878
1572839074895
1572839075848
1572839075848
1572839075853
1572839075860
1572839075860
1572839076020
1572839076086
1572839076086
1572839076089
1572839076089
1572839076089
1572839076089
1572839076089
0
1572839076091
1572839076093
1572839076098
1572839076296
1572839076791
1572839076791
1572839076794
1572839076800
1572839076800
1572839076961
1572839077015
1572839077015
1572839077016
1572839077016
1572839077016
1572839077016
1572839077016
0
1572839077018
1572839077020
1572839077025
1572839077223
1572839077695
1572839077695
1572839077699
1572839077705
1572839077705
1572839077867
1572839077956
1572839077956
1572839077958
1572839077958
1572839077958
1572839077958
1572839077958
0
1572839077961
1572839077962
1572839077967
1572839078167
1572839078610
1572839078611
1572839078615
1572839078622
1572839078622
1572839078783
1572839078857
1572839078857
1572839078862
1572839078862
1572839078862
1572839078862
1572839078862
0
1572839078865
1572839078867
1572839078871
1572839079093
1572839079582
1572839079582
1572839079585
1572839079592
1572839079592
1572839079753
1572839079809
1572839079809
1572839079814
1572839079814
1572839079814
1572839079814
1572839079814
0
1572839079817
1572839079818
1572839079826
1572839080034
1572839080486
1572839080486
1572839080490
1572839080497
1572839080497
1572839080658
1572839080716
1572839080716
1572839080718
1572839080718
1572839080718
1572839080718
1572839080718
0
1572839080721
1572839080722
1572839080727
1572839080928
1572839081425
1572839081425
1572839081428
1572839081434
1572839081434
1572839081594
1572839081648
1572839081648
1572839081650
1572839081650
1572839081650
1572839081650
1572839081650
0
1572839081653
1572839081654
1572839081659
1572839081869
1572839082357
1572839082357
1572839082360
1572839082365
1572839082365
1572839082525
1572839082581
1572839082581
1572839082584
1572839082584
1572839082584
1572839082584
1572839082584
0
1572839082586
1572839082587
1572839082592
1572839082793
1572839083451
1572839083453
1572839083457
1572839083464
1572839083464
1572839083625
1572839083756
1572839083756
1572839083761
1572839083761
1572839083761
1572839083761
1572839083761
0
1572839083764
1572839083768
1572839083777
1572839083987
1572839084453
1572839084453
1572839084456
1572839084462
1572839084462
1572839084622
1572839084683
1572839084683
1572839084686
1572839084686
1572839084686
1572839084686
1572839084686
0
1572839084689
1572839084690
1572839084695
1572839084903
1572839085377
1572839085377
1572839085380
1572839085386
1572839085387
1572839085545
