1573226513241
1573226513241
1573226513249
1573226513254
1573226513256
1573226513256
1573226513257
0
1573226513257
1573226513261
1573226513276
1573226513293
1573226514216
1573226514216
1573226514222
1573226514248
1573226514248
1573226514412
1573226514471
1573226514471
1573226514477
1573226514477
1573226514477
1573226514477
1573226514477
0
1573226514480
1573226514482
1573226514487
1573226514682
1573226515133
1573226515133
1573226515136
1573226515144
1573226515144
1573226515306
1573226515370
1573226515370
1573226515372
1573226515372
1573226515372
1573226515372
1573226515372
0
1573226515374
1573226515375
1573226515381
1573226515621
1573226516105
1573226516106
1573226516111
1573226516122
1573226516123
1573226516285
1573226516339
1573226516339
1573226516342
1573226516342
1573226516342
1573226516342
1573226516342
0
1573226516345
1573226516346
1573226516351
1573226516552
1573226517021
1573226517021
1573226517024
1573226517030
1573226517030
1573226517190
1573226517255
1573226517255
1573226517257
1573226517257
1573226517257
1573226517257
1573226517257
0
1573226517260
1573226517261
1573226517266
1573226517464
1573226517902
1573226517902
1573226517904
1573226517925
1573226517925
1573226518095
1573226518145
1573226518145
1573226518147
1573226518147
1573226518147
1573226518147
1573226518147
0
1573226518150
1573226518151
1573226518156
1573226518359
1573226518796
1573226518796
1573226518799
1573226518806
1573226518806
1573226518968
1573226519032
1573226519032
1573226519034
1573226519034
1573226519034
1573226519034
1573226519034
0
1573226519036
1573226519037
1573226519042
1573226519244
1573226519692
1573226519692
1573226519697
1573226519727
1573226519728
1573226519890
1573226519955
1573226519955
1573226519957
1573226519957
1573226519957
1573226519957
1573226519957
0
1573226519960
1573226519961
1573226519966
1573226520181
1573226520649
1573226520649
1573226520653
1573226520659
1573226520660
1573226520819
1573226520909
1573226520909
1573226520914
1573226520914
1573226520914
1573226520914
1573226520914
0
1573226520917
1573226520918
1573226520927
1573226521128
1573226521509
1573226521511
1573226521568
1573226521623
1573226521623
1573226521785
1573226521892
1573226521892
1573226521897
1573226521897
1573226521897
1573226521897
1573226521897
0
1573226521900
1573226521901
1573226521907
1573226522107
1573226522591
1573226522591
1573226522595
1573226522601
1573226522601
1573226522761
1573226522824
1573226522824
1573226522827
1573226522827
1573226522827
1573226522827
1573226522827
0
1573226522829
1573226522831
1573226522836
1573226523036
1573226523517
1573226523517
1573226523520
1573226523527
1573226523527
1573226523688
