1572839139780
1572839139780
1572839139791
1572839139795
1572839139797
1572839139797
1572839139800
0
1572839139800
1572839139804
1572839139819
1572839139834
1572839140587
1572839140587
1572839140663
1572839140705
1572839140705
1572839140707
1572839140761
1572839140761
1572839140762
1572839140762
1572839140762
1572839140762
1572839140762
0
1572839140766
1572839140768
1572839140773
1572839140813
1572839141101
1572839141101
1572839141150
1572839141162
1572839141162
1572839141164
1572839141244
1572839141244
1572839141245
1572839141245
1572839141245
1572839141245
1572839141245
0
1572839141247
1572839141249
1572839141254
1572839141285
1572839141586
1572839141586
1572839141632
1572839141641
1572839141641
1572839141644
1572839141697
1572839141697
1572839141699
1572839141699
1572839141699
1572839141699
1572839141699
0
1572839141702
1572839141703
1572839141710
1572839141739
1572839141985
1572839141985
1572839142034
1572839142043
1572839142043
1572839142046
1572839142119
1572839142119
1572839142120
1572839142120
1572839142120
1572839142120
1572839142120
0
1572839142122
1572839142123
1572839142127
1572839142158
1572839142431
1572839142431
1572839142484
1572839142496
1572839142496
1572839142498
1572839142580
1572839142580
1572839142581
1572839142581
1572839142581
1572839142581
1572839142581
0
1572839142583
1572839142584
1572839142588
1572839142627
1572839142896
1572839142896
1572839142957
1572839142966
1572839142966
1572839142968
1572839143027
1572839143027
1572839143028
1572839143028
1572839143028
1572839143028
1572839143028
0
1572839143030
1572839143031
1572839143035
1572839143064
1572839143314
1572839143314
1572839143362
1572839143371
1572839143371
1572839143374
1572839143435
1572839143435
1572839143436
1572839143436
1572839143436
1572839143436
1572839143436
0
1572839143438
1572839143439
1572839143444
1572839143476
1572839143789
1572839143789
1572839143832
1572839143844
1572839143844
1572839143848
1572839143917
1572839143917
1572839143918
1572839143918
1572839143918
1572839143918
1572839143918
0
1572839143921
1572839143922
1572839143927
1572839143958
1572839144240
1572839144240
1572839144281
1572839144290
1572839144290
1572839144292
1572839144355
1572839144355
1572839144360
1572839144360
1572839144360
1572839144360
1572839144360
0
1572839144363
1572839144363
1572839144369
1572839144399
1572839144671
1572839144671
1572839144717
1572839144728
1572839144728
1572839144730
1572839144804
1572839144804
1572839144806
1572839144806
1572839144806
1572839144806
1572839144806
0
1572839144809
1572839144810
1572839144817
1572839144849
1572839145110
1572839145110
1572839145162
1572839145171
1572839145171
1572839145173
