1573226417540
1573226417540
1573226417546
1573226417551
1573226417552
1573226417552
1573226417554
0
1573226417555
1573226417558
1573226417573
1573226417590
1573226418334
1573226418334
1573226418394
1573226418430
1573226418430
1573226418432
1573226418479
1573226418479
1573226418482
1573226418482
1573226418482
1573226418482
1573226418482
0
1573226418487
1573226418489
1573226418498
1573226418535
1573226418809
1573226418809
1573226418851
1573226418860
1573226418861
1573226418863
1573226418918
1573226418918
1573226418919
1573226418919
1573226418919
1573226418919
1573226418919
0
1573226418921
1573226418923
1573226418929
1573226418960
1573226419207
1573226419207
1573226419266
1573226419276
1573226419277
1573226419279
1573226419353
1573226419353
1573226419355
1573226419355
1573226419355
1573226419355
1573226419355
0
1573226419356
1573226419357
1573226419361
1573226419391
1573226419649
1573226419649
1573226419687
1573226419698
1573226419698
1573226419710
1573226419782
1573226419782
1573226419784
1573226419784
1573226419784
1573226419784
1573226419784
0
1573226419787
1573226419787
1573226419792
1573226419823
1573226420092
1573226420092
1573226420133
1573226420142
1573226420142
1573226420144
1573226420199
1573226420199
1573226420201
1573226420201
1573226420201
1573226420201
1573226420201
0
1573226420203
1573226420204
1573226420208
1573226420239
1573226420500
1573226420500
1573226420540
1573226420550
1573226420550
1573226420553
1573226420631
1573226420631
1573226420633
1573226420633
1573226420633
1573226420633
1573226420633
0
1573226420636
1573226420637
1573226420642
1573226420673
1573226420938
1573226420938
1573226420977
1573226420987
1573226420987
1573226420989
1573226421048
1573226421048
1573226421050
1573226421050
1573226421050
1573226421050
1573226421050
0
1573226421053
1573226421053
1573226421059
1573226421089
1573226421328
1573226421328
1573226421393
1573226421410
1573226421410
1573226421414
1573226421493
1573226421493
1573226421494
1573226421494
1573226421494
1573226421494
1573226421494
0
1573226421496
1573226421497
1573226421502
1573226421534
1573226421780
1573226421780
1573226421822
1573226421832
1573226421832
1573226421835
1573226421896
1573226421896
1573226421898
1573226421898
1573226421898
1573226421898
1573226421898
0
1573226421901
1573226421901
1573226421906
1573226421938
1573226422193
1573226422193
1573226422237
1573226422246
1573226422246
1573226422249
1573226422325
1573226422325
1573226422327
1573226422327
1573226422327
1573226422327
1573226422327
0
1573226422329
1573226422330
1573226422335
1573226422367
1573226422667
1573226422667
1573226422706
1573226422716
1573226422716
1573226422718
