1572839203226
1572839203226
1572839203229
1572839203233
1572839203235
1572839203235
1572839203237
0
1572839203237
1572839203241
1572839203268
1572839203345
1572839204992
1572839204992
1572839205056
1572839205070
1572839205071
1572839205073
1572839205150
1572839205150
1572839205157
1572839205157
1572839205157
1572839205157
1572839205157
0
1572839205160
1572839205162
1572839205168
1572839205195
1572839205469
1572839205469
1572839205525
1572839205534
1572839205534
1572839205537
1572839205621
1572839205621
1572839205625
1572839205625
1572839205625
1572839205625
1572839205625
0
1572839205627
1572839205628
1572839205632
1572839205657
1572839205936
1572839205936
1572839206019
1572839206024
1572839206024
1572839206026
1572839206104
1572839206104
1572839206107
1572839206107
1572839206107
1572839206107
1572839206107
0
1572839206109
1572839206110
1572839206114
1572839206139
1572839206404
1572839206405
1572839206463
1572839206469
1572839206469
1572839206471
1572839206551
1572839206551
1572839206554
1572839206554
1572839206554
1572839206554
1572839206554
0
1572839206557
1572839206558
1572839206562
1572839206596
1572839206873
1572839206873
1572839206931
1572839206940
1572839206940
1572839206943
1572839207042
1572839207042
1572839207044
1572839207044
1572839207044
1572839207044
1572839207044
0
1572839207046
1572839207047
1572839207051
1572839207077
1572839207352
1572839207352
1572839207400
1572839207405
1572839207405
1572839207407
1572839207480
1572839207480
1572839207481
1572839207481
1572839207481
1572839207481
1572839207481
0
1572839207483
1572839207485
1572839207491
1572839207517
1572839207771
1572839207771
1572839207816
1572839207821
1572839207822
1572839207823
1572839207903
1572839207903
1572839207905
1572839207905
1572839207905
1572839207905
1572839207905
0
1572839207908
1572839207909
1572839207913
1572839207938
1572839208223
1572839208223
1572839208281
1572839208287
1572839208287
1572839208289
1572839208369
1572839208369
1572839208372
1572839208372
1572839208372
1572839208372
1572839208372
0
1572839208375
1572839208377
1572839208383
1572839208409
1572839208675
1572839208675
1572839208744
1572839208750
1572839208751
1572839208753
1572839208831
1572839208831
1572839208833
1572839208833
1572839208833
1572839208833
1572839208833
0
1572839208837
1572839208838
1572839208844
1572839208881
1572839209127
1572839209127
1572839209178
1572839209183
1572839209183
1572839209185
1572839209268
1572839209268
1572839209270
1572839209270
1572839209270
1572839209270
1572839209270
0
1572839209273
1572839209274
1572839209278
1572839209302
1572839209590
1572839209591
1572839209645
1572839209650
1572839209650
1572839209652
