1573226324929
1573226324929
1573226324936
1573226324941
1573226324943
1573226324943
1573226324946
0
1573226324947
1573226324951
1573226324960
1573226324984
1573226326363
1573226326364
1573226326431
1573226326439
1573226326439
1573226326441
1573226326511
1573226326511
1573226326514
1573226326514
1573226326514
1573226326514
1573226326514
0
1573226326516
1573226326518
1573226326522
1573226326549
1573226326796
1573226326796
1573226326856
1573226326861
1573226326861
1573226326863
1573226326943
1573226326943
1573226326945
1573226326945
1573226326945
1573226326945
1573226326945
0
1573226326949
1573226326950
1573226326957
1573226326987
1573226327228
1573226327229
1573226327274
1573226327280
1573226327280
1573226327283
1573226327355
1573226327355
1573226327356
1573226327356
1573226327356
1573226327356
1573226327356
0
1573226327359
1573226327359
1573226327363
1573226327390
1573226327634
1573226327634
1573226327695
1573226327700
1573226327700
1573226327702
1573226327783
1573226327783
1573226327786
1573226327786
1573226327786
1573226327786
1573226327786
0
1573226327788
1573226327789
1573226327793
1573226327817
1573226328055
1573226328055
1573226328112
1573226328117
1573226328117
1573226328119
1573226328198
1573226328198
1573226328199
1573226328199
1573226328199
1573226328199
1573226328199
0
1573226328202
1573226328202
1573226328206
1573226328233
1573226328484
1573226328484
1573226328547
1573226328555
1573226328556
1573226328558
1573226328648
1573226328648
1573226328650
1573226328650
1573226328650
1573226328650
1573226328650
0
1573226328653
1573226328653
1573226328657
1573226328684
1573226328941
1573226328941
1573226328995
1573226329001
1573226329001
1573226329002
1573226329078
1573226329078
1573226329079
1573226329079
1573226329079
1573226329079
1573226329079
0
1573226329082
1573226329082
1573226329086
1573226329111
1573226329371
1573226329371
1573226329431
1573226329441
1573226329441
1573226329443
1573226329522
1573226329522
1573226329524
1573226329524
1573226329524
1573226329524
1573226329524
0
1573226329527
1573226329527
1573226329531
1573226329557
1573226329819
1573226329819
1573226329884
1573226329890
1573226329890
1573226329892
1573226330012
1573226330012
1573226330019
1573226330019
1573226330019
1573226330019
1573226330019
0
1573226330023
1573226330023
1573226330028
1573226330063
1573226330435
1573226330435
1573226330497
1573226330510
1573226330510
1573226330513
1573226330607
1573226330607
1573226330609
1573226330609
1573226330609
1573226330609
1573226330609
0
1573226330612
1573226330613
1573226330618
1573226330648
1573226330998
1573226330998
1573226331072
1573226331082
1573226331082
1573226331084
