1573226101382
1573226101382
1573226101391
1573226101406
1573226101406
1573226101406
1573226101408
0
1573226101409
1573226101411
1573226101434
1573226101452
1573226102537
1573226102537
1573226102537
1573226102544
1573226102544
1573226102553
1573226102733
1573226102733
1573226102737
1573226102737
1573226102737
1573226102737
1573226102737
0
1573226102740
1573226102741
1573226102749
1573226102788
1573226103109
1573226103110
1573226103110
1573226103161
1573226103161
1573226103168
1573226103327
1573226103327
1573226103330
1573226103330
1573226103330
1573226103330
1573226103330
0
1573226103332
1573226103333
1573226103345
1573226103380
1573226103696
1573226103696
1573226103696
1573226103732
1573226103732
1573226103738
1573226103895
1573226103895
1573226103898
1573226103898
1573226103898
1573226103898
1573226103898
0
1573226103900
1573226103902
1573226103907
1573226103941
1573226104232
1573226104232
1573226104232
1573226104289
1573226104289
1573226104298
1573226104483
1573226104483
1573226104485
1573226104485
1573226104485
1573226104485
1573226104485
0
1573226104487
1573226104489
1573226104496
1573226104522
1573226104833
1573226104833
1573226104833
1573226104887
1573226104888
1573226104896
1573226105062
1573226105062
1573226105064
1573226105064
1573226105064
1573226105064
1573226105064
0
1573226105066
1573226105067
1573226105073
1573226105102
1573226105463
1573226105463
1573226105463
1573226105501
1573226105501
1573226105511
1573226105734
1573226105734
1573226105736
1573226105736
1573226105736
1573226105736
1573226105736
0
1573226105738
1573226105739
1573226105752
1573226105775
1573226106079
1573226106079
1573226106079
1573226106140
1573226106140
1573226106151
1573226106338
1573226106338
1573226106340
1573226106340
1573226106340
1573226106340
1573226106340
0
1573226106345
1573226106346
1573226106353
1573226106381
1573226106684
1573226106684
1573226106684
1573226106735
1573226106736
1573226106743
1573226106942
1573226106942
1573226106945
1573226106945
1573226106945
1573226106945
1573226106945
0
1573226106947
1573226106948
1573226106955
1573226106984
1573226107315
1573226107315
1573226107315
1573226107370
1573226107370
1573226107377
1573226107574
1573226107574
1573226107576
1573226107576
1573226107576
1573226107576
1573226107576
0
1573226107579
1573226107581
1573226107587
1573226107615
1573226107902
1573226107902
1573226107902
1573226107958
1573226107958
1573226107987
1573226108097
1573226108097
1573226108099
1573226108099
1573226108099
1573226108099
1573226108099
0
1573226108101
1573226108102
1573226108108
1573226108136
1573226108452
1573226108452
1573226108452
1573226108517
1573226108517
1573226108529
