1572839359306
1572839359306
1572839359328
1572839359335
1572839359344
1572839359344
1572839359347
0
1572839359350
1572839359354
1572839359380
1572839359395
1572839360497
1572839360497
1572839360497
1572839360504
1572839360504
1572839360513
1572839360690
1572839360690
1572839360692
1572839360692
1572839360692
1572839360692
1572839360692
0
1572839360695
1572839360696
1572839360702
1572839360747
1572839361108
1572839361108
1572839361108
1572839361154
1572839361154
1572839361161
1572839361316
1572839361316
1572839361318
1572839361318
1572839361318
1572839361318
1572839361318
0
1572839361320
1572839361321
1572839361330
1572839361376
1572839361744
1572839361744
1572839361744
1572839361802
1572839361802
1572839361810
1572839362039
1572839362039
1572839362042
1572839362042
1572839362042
1572839362042
1572839362042
0
1572839362044
1572839362045
1572839362052
1572839362079
1572839362406
1572839362406
1572839362406
1572839362458
1572839362458
1572839362467
1572839362659
1572839362659
1572839362662
1572839362662
1572839362662
1572839362662
1572839362662
0
1572839362664
1572839362665
1572839362671
1572839362699
1572839363014
1572839363014
1572839363014
1572839363054
1572839363054
1572839363060
1572839363290
1572839363290
1572839363293
1572839363293
1572839363293
1572839363293
1572839363293
0
1572839363296
1572839363297
1572839363303
1572839363333
1572839363662
1572839363662
1572839363662
1572839363711
1572839363711
1572839363717
1572839363904
1572839363904
1572839363906
1572839363906
1572839363906
1572839363906
1572839363906
0
1572839363909
1572839363911
1572839363917
1572839363947
1572839364298
1572839364298
1572839364298
1572839364335
1572839364335
1572839364342
1572839364531
1572839364531
1572839364533
1572839364533
1572839364533
1572839364533
1572839364533
0
1572839364538
1572839364540
1572839364546
1572839364576
1572839364893
1572839364894
1572839364894
1572839364941
1572839364941
1572839364951
1572839365159
1572839365159
1572839365162
1572839365162
1572839365162
1572839365162
1572839365162
0
1572839365164
1572839365166
1572839365172
1572839365201
1572839365511
1572839365512
1572839365512
1572839365562
1572839365562
1572839365568
1572839365777
1572839365777
1572839365779
1572839365779
1572839365779
1572839365779
1572839365779
0
1572839365782
1572839365785
1572839365791
1572839365820
1572839366178
1572839366178
1572839366178
1572839366227
1572839366227
1572839366233
1572839366428
1572839366428
1572839366431
1572839366431
1572839366431
1572839366431
1572839366431
0
1572839366433
1572839366435
1572839366442
1572839366471
1572839366858
1572839366858
1572839366858
1572839366949
1572839366949
1572839366956
